450
494
287
844
501
902
323
437
818
478
678
347
220
570
966
705
86
98
959
378
191
316
392
368
586
647
172
800
874
19
154
83
392
235
265
958
71
843
726
750
420
121
823
58
625
777
699
862
705
998
203
395
39
148
356
494
982
937
492
56
62
647
25
943
909
814
967
503
193
19
301
27
627
851
162
903
236
942
202
837
761
64
61
513
429
232
128
253
494
415
974
720
793
390
949
539
978
632
137
210
493
301
884
453
821
678
402
595
583
87
994
152
712
137
452
814
259
567
206
100
510
77
827
128
93
103
212
921
270
526
11
194
185
990
326
4
313
983
169
569
519
930
955
521
977
289
118
509
343
304
597
118
781
486
451
639
691
886
390
821
570
137
418
536
452
923
501
428
380
218
579
691
492
664
54
752
73
192
666
875
869
499
616
134
427
522
299
538
109
369
788
635
184
40
520
981
904
854
971
848
919
370
26
615
412
627
182
713
959
112
297
220
168
173
284
522
705
54
400
940
577
227
779
535
170
780
874
833
686
9
439
912
313
320
264
399
253
66
775
14
327
855
501
660
591
620
702
889
961
474
214
842
945
551
29
999
52
160
648
718
902
237
110
500
717
320
240
687
967
526
165
704
995
165
925
116
326
8
148
453
830
708
928
633
713
383
659
584
6
130
240
857
772
583
752
929
752
631
615
610
299
667
73
599
478
279
320
176
107
660
934
544
662
211
726
611
836
202
441
676
524
598
578
667
407
563
897
807
943
67
670
844
421
814
201
93
269
698
35
111
894
446
590
964
414
679
523
930
792
380
183
549
522
252
75
937
993
299
42
61
56
480
403
873
685
487
9
578
952
51
487
890
161
179
983
92
231
274
980
758
826
75
445
755
1000
567
866
739
500
297
47
877
197
367
62
465
857
831
94
761
252
808
407
355
483
908
86
293
552
906
614
950
867
408
482
925
283
182
31
574
474
543
712
43
793
230
674
732
264
622
603
939
434
946
756
977
782
517
573
608
888
162
102
275
926
388
42
405
820
813
970
965
913
628
94
89
748
409
775
385
399
46
749
878
308
855
592
49
921
766
328
433
359
844
393
662
64
673
262
966
212
426
851
898
913
67
955
997
734
111
118
942
731
40
33
474
163
103
536
678
234
137
695
222
301
212
708
229
347
390
17
670
992
18
66
642
889
312
369
13
203
700
982
589
191
577
845
442
213
549
397
50
577
27
919
439
665
298
630
673
272
954
996
887
851
513
63
905
538
309
742
774
73
419
688
507
932
164
129
849
468
473
498
435
900
966
595
509
937
157
103
773
848
697
641
314
543
430
528
905
454
621
538
157
427
246
172
474
560
131
580
473
846
237
100
328
769
830
653
363
754
124
404
598
232
818
662
7
893
534
600
659
109
196
383
282
726
171
323
619
36
297
301
843
616
713
964
594
717
197
23
299
893
892
770
156
597
44
149
63
460
812
91
872
517
35
848
541
573
255
167
683
959
685
744
98
16
7
107
595
112
949
478
552
751
362
197
411
882
25
701
708
726
378
778
405
774
529
205
508
92
230
480
806
365
522
463
334
792
474
303
737
472
634
646
141
824
431
272
132
332
821
984
377
855
464
231
578
635
114
664
488
76
80
226
239
469
327
445
737
528
952
645
954
191
659
627
310
573
892
314
614
217
805
663
13
51
134
12
320
189
985
913
225
318
436
953
357
633
666
606
378
235
384
419
545
963
997
207
68
98
394
819
911
461
598
825
409
23
169
240
69
256
676
627
573
205
929
719
826
523
480
34
86
762
525
884
925
369
254
902
351
497
660
425
963
854
307
2
413
470
240
931
790
637
494
847
823
646
873
863
377
790
163
25
414
188
615
983
185
425
809
365
858
785
639
229
24
980
546
757
460
546
585
198
573
837
513
609
519
865
312
838
244
735
933
129
460
497
412
665
917
964
93
423
605
542
503
865
888
320
843
886
228
912
147
612
551
549
609
924
54
58
428
465
441
753
876
189
73
95
867
32
141
137
777
636
349
324
826
490
231
576
196
523
754
486
922
374
291
764
740
476
936
581
259
21
384
974
332
428
310
480
323
304
258
280
483
174
475
885
888
252
118
92
195
138
57
939
682
687
480
387
849
231
630
675
347
413
552
667
707
241
67
878
366
628
645
550
579
904
883
69
896
38
619
382
78
378
458
720
779
230
135
517
663
244
553
159
578
648
927
855
974
698
91
331
57
416
385
133
531
841
821
90
438
845
392
690
795
193
214
811
499
475
562
835
215
613
511
43
396
76
163
102
497
467
873
43
797
324
823
269
378
345
738
527
334
193
342
855
540
216
920
553
134
1
480
971
882
660
709
345
997
934
209
225
344
54
785
187
638
370
908
502
267
189
360
312
11
465
18
796
659
374
386
329
36
137
601
321
137
423
705
118
610
285
439
271
315
790
302
951
637
386
828
185
820
76
512
279
928
717
742
973
582
388
315
149
396
339
183
847
497
839
678
828
691
74
969
902
301
762
152
122
79
81
962
869
512
705
778
969
475
828
653
472
500
710
137
263
641
274
167
332
323
901
55
345
877
735
344
530
742
416
578
110
331
544
643
350
597
196
802
885
667
743
483
951
828
192
946
36
220
858
223
668
399
371
725
316
334
23
844
12
828
410
991
233
690
189
146
497
825
213
302
733
50
222
843
161
373
821
878
468
421
477
806
566
609
484
512
855
337
876
772
294
284
754
705
31
59
5
66
290
982
936
634
27
201
535
99
849
387
560
967
998
646
546
493
210
297
161
228
572
667
32
563
75
460
895
837
867
959
622
403
595
478
179
69
513
497
55
355
917
809
147
274
384
941
481
366
304
464
402
557
480
670
612
42
683
635
750
953
484
937
720
481
799
869
486
747
620
792
967
961
722
15
989
603
437
748
624
115
807
800
585
201
944
952
134
391
365
501
421
194
939
674
928
765
416
99
337
904
348
271
638
34
239
457
169
912
57
280
116
920
621
71
353
382
792
662
608
862
387
207
330
995
917
607
364
786
989
613
965
672
848
245
674
110
544
469
453
425
307
566
787
653
352
603
473
648
105
313
275
103
314
758
193
581
767
653
106
741
758
702
301
550
452
605
153
861
916
563
668
547
843
410
685
932
801
865
804
968
289
650
846
652
206
205
589
773
828
912
886
996
457
70
387
318
293
467
365
267
433
24
446
128
147
906
596
260
483
133
840
450
12
372
77
503
656
546
572
113
642
676
654
478
921
253
825
303
489
42
52
156
407
92
742
680
494
401
96
326
777
178
374
138
111
4
963
772
995
891
487
54
90
670
361
132
599
336
111
958
144
492
451
762
435
358
998
203
740
651
989
678
496
878
413
729
513
283
353
699
824
851
320
462
923
64
476
581
398
171
326
225
870
533
777
450
183
160
771
458
326
126
988
401
287
893
472
613
910
741
581
37
525
804
653
429
4
523
606
136
694
283
66
79
112
902
44
915
357
431
403
791
859
912
216
160
960
411
702
47
437
620
228
905
532
229
656
835
910
515
86
357
965
249
591
887
195
419
716
560
395
461
1
181
407
689
808
120
38
802
182
263
999
993
187
530
84
184
450
162
587
217
383
686
418
694
985
895
583
341
349
461
644
505
772
362
873
55
660
788
509
433
53
303
419
833
302
591
665
122
425
997
901
183
713
612
111
485
17
208
163
514
983
527
694
578
160
241
831
466
792
310
384
823
426
232
743
340
989
339
424
958
126
706
514
184
686
950
130
495
266
930
653
613
131
619
18
353
637
585
28
283
87
945
248
978
661
246
26
84
11
369
266
795
912
145
708
801
428
818
588
463
989
675
167
702
207
993
489
103
175
163
303
743
828
812
178
434
302
885
840
141
253
901
507
145
111
963
468
785
403
993
721
290
926
387
821
492
371
170
270
741
272
60
976
392
3
488
102
995
726
532
442
19
588
171
667
554
294
247
310
800
466
602
811
36
86
744
964
47
71
208
95
315
994
206
438
806
274
497
515
588
201
966
48
432
26
469
107
216
693
770
910
205
931
126
719
610
653
434
626
742
81
935
5
288
579
855
272
465
537
521
790
889
656
737
955
443
620
760
447
574
101
913
700
694
89
542
974
994
159
205
283
176
910
192
580
589
275
261
872
548
165
890
270
684
616
60
958
800
946
432
719
108
306
907
156
688
117
104
940
120
328
190
404
230
746
215
728
108
571
650
105
995
160
58
243
712
763
340
871
199
862
627
184
1
588
387
574
785
915
212
212
210
955
946
995
888
985
894
847
617
192
373
916
583
691
774
740
369
404
499
923
602
388
799
498
135
245
456
283
9
523
256
802
270
326
784
569
457
698
452
202
880
621
100
459
83
259
904
240
967
224
727
800
889
568
814
454
901
136
402
986
426
592
628
323
741
355
47
850
918
697
958
33
296
215
900
572
221
697
196
891
486
818
164
9
835
948
58
991
336
389
497
334
600
365
830
941
460
708
29
789
132
227
945
975
792
606
978
515
183
643
824
51
335
292
973
260
201
400
894
225
717
928
260
556
166
89
656
241
878
161
21
20
20
621
507
759
738
729
255
835
618
105
163
50
917
544
793
371
500
987
47
615
381
844
663
825
77
47
236
852
549
778
571
519
715
101
184
631
910
571
997
289
158
210
897
640
898
47
598
970
124
30
352
643
593
162
391
40
697
197
30
274
519
644
503
299
673
7
889
151
465
796
971
310
413
165
561
163
931
28
984
545
362
230
287
111
609
511
986
450
349
314
842
474
988
605
999
348
998
385
388
456
803
806
176
647
54
221
904
421
572
256
973
469
172
48
158
967
97
287
108
415
445
554
882
255
209
260
345
722
736
907
33
787
314
121
248
131
642
195
524
828
483
558
32
271
366
933
344
685
690
394
132
530
859
619
604
693
694
463
944
119
641
33
263
869
387
68
815
647
794
811
618
851
239
370
361
793
390
216
983
999
5
966
203
894
256
507
690
376
523
165
798
859
463
494
839
37
315
950
594
427
688
179
265
982
537
915
981
466
421
458
23
187
423
754
240
421
456
464
483
492
769
483
964
26
428
707
209
236
259
146
829
38
766
337
999
528
764
188
943
372
915
643
275
103
440
238
98
860
696
870
79
36
294
113
35
257
585
99
18
556
425
917
88
825
501
553
235
569
228
22
689
8
425
975
910
702
23
31
334
87
952
562
533
165
564
650
62
414
976
6
330
465
643
83
451
307
270
174
509
332
819
171
717
17
340
250
574
560
969
101
861
713
809
292
917
745
431
810
568
947
24
665
904
972
566
219
581
542
621
110
520
851
883
399
826
218
593
784
146
754
213
850
216
11
482
501
997
96
100
193
636
464
114
122
805
653
857
173
237
96
308
653
923
810
902
613
594
73
125
278
872
569
976
132
408
272
418
781
797
974
360
711
68
507
955
571
768
951
623
50
840
80
247
877
354
527
87
590
90
60
889
169
931
320
532
297
852
594
873
935
628
108
701
989
614
614
169
135
828
837
917
793
478
568
315
159
47
256
677
59
202
808
592
420
375
58
594
270
309
817
216
81
62
970
107
100
198
608
673
962
453
118
237
887
916
915
62
532
614
54
485
349
960
31
172
886
36
173
664
895
231
861
985
588
347
806
623
597
494
322
942
95
123
506
679
794
945
633
311
402
330
632
143
18
325
900
650
755
286
5
274
124
241
555
867
177
993
105
602
301
737
381
107
9
500
471
637
656
707
894
504
500
223
176
906
110
491
567
971
443
648
282
519
196
727
730
460
344
187
179
455
728
856
744
294
62
51
399
134
1
423
734
863
68
880
976
174
411
866
235
44
328
713
69
952
253
22
600
814
849
531
602
134
204
12
189
610
670
993
151
649
154
633
219
911
32
705
369
165
71
758
440
79
204
653
452
673
526
131
825
488
449
223
540
13
722
899
834
845
578
230
76
642
902
954
49
381
980
675
788
400
421
355
252
400
354
61
413
589
348
19
711
345
754
952
997
402
544
180
455
606
494
569
373
583
458
670
159
307
383
222
355
552
665
422
51
253
229
574
724
923
744
935
159
308
338
182
614
505
114
844
373
493
477
997
970
927
303
283
87
916
271
282
757
547
852
272
612
412
501
188
305
191
419
19
806
703
59
658
700
491
405
795
364
529
558
688
862
168
567
387
403
841
93
528
721
226
879
180
532
495
190
463
412
658
675
517
313
761
306
507
908
952
315
688
378
672
853
220
745
614
161
535
48
460
367
859
45
771
992
949
862
247
617
997
257
205
929
331
646
709
135
789
459
640
222
512
399
886
374
214
929
801
350
568
364
19
415
380
338
863
822
46
823
108
567
863
807
666
510
550
59
745
294
538
427
908
224
437
102
739
762
455
423
510
795
613
647
302
375
651
322
328
219
284
352
435
86
466
63
793
970
830
63
596
835
861
7
834
956
433
959
679
217
715
364
262
201
203
923
966
782
404
489
864
661
325
694
966
795
112
149
751
531
477
647
203
519
771
185
458
540
835
549
897
984
80
203
850
879
727
38
503
414
133
467
646
962
195
200
915
268
479
882
538
486
246
879
257
269
415
270
216
229
59
455
294
548
69
344
379
612
251
715
896
142
89
896
804
275
894
687
89
545
612
791
754
944
194
934
143
520
790
115
144
605
593
810
995
857
381
114
474
311
898
749
255
970
103
497
960
79
273
346
362
627
353
824
647
430
443
446
188
464
440
125
999
992
228
106
247
468
579
699
931
699
324
906
814
322
317
553
884
578
642
653
585
719
508
79
853
350
172
115
984
940
220
49
524
898
547
372
85
740
76
656
175
350
306
652
614
524
341
351
653
25
338
824
753
995
480
369
649
920
415
939
133
586
340
550
820
231
817
619
90
622
892
987
787
269
505
886
192
96
30
532
909
605
525
468
849
703
685
118
311
562
959
891
441
396
248
271
634
671
113
795
124
140
922
923
793
432
7
271
621
639
421
624
765
977
661
846
847
589
662
300
916
977
319
454
611
136
166
692
276
440
265
354
732
278
392
886
36
783
340
994
959
203
665
679
756
845
86
800
644
79
428
661
935
104
575
161
147
473
519
259
475
768
479
708
586
290
121
300
437
76
442
647
645
581
19
335
892
354
194
154
783
888
771
449
949
231
129
100
700
402
949
671
507
503
280
330
67
322
199
851
23
707
896
851
892
687
547
333
626
294
498
215
985
411
952
454
934
232
355
811
261
622
660
139
52
743
878
629
247
903
504
547
176
81
747
443
607
487
495
419
829
595
7
842
660
19
955
455
346
211
343
259
314
659
262
358
830
262
430
288
546
469
298
418
401
505
779
778
894
575
757
594
221
539
890
954
763
665
388
320
427
976
960
496
375
599
871
357
970
718
291
223
756
689
543
683
851
105
241
607
105
679
506
80
73
449
421
359
681
761
234
803
545
75
2
103
869
101
398
938
195
855
242
53
245
218
927
463
3
363
476
412
849
49
524
211
609
339
873
184
658
311
570
9
542
489
235
770
808
319
849
668
874
744
218
118
320
774
361
53
952
131
898
68
607
607
690
114
81
792
345
797
339
56
492
344
539
312
911
109
295
470
427
545
621
110
25
371
32
270
216
585
849
984
954
799
309
993
385
788
87
634
281
128
529
431
155
384
292
385
328
232
495
386
473
175
175
378
74
253
935
472
732
511
901
628
470
917
346
403
983
400
885
737
706
893
586
756
725
431
469
403
54
28
978
108
331
692
404
91
342
956
652
488
280
201
757
154
246
167
613
687
828
193
137
325
53
319
182
43
503
771
702
135
917
516
743
432
656
894
201
457
506
618
72
82
992
892
97
859
409
928
382
348
903
609
575
795
577
261
851
537
182
614
105
984
360
732
181
183
667
801
966
534
487
666
144
698
367
202
82
106
734
211
40
569
583
739
672
234
257
758
934
827
128
652
221
714
512
826
642
724
910
934
4
829
540
590
435
267
330
321
428
156
482
250
307
655
690
160
445
518
724
18
739
749
786
170
62
320
572
476
667
764
492
291
746
671
841
898
518
114
291
314
2
231
168
232
599
153
475
386
253
367
236
805
504
89
93
928
296
550
719
170
65
222
377
667
85
706
916
831
849
347
669
805
906
722
467
700
27
169
983
688
783
823
405
102
307
328
52
585
350
367
819
362
34
977
877
415
671
583
472
128
675
682
492
908
701
109
129
101
554
950
408
743
575
147
6
711
527
851
322
669
746
466
165
666
364
80
172
915
704
352
173
781
838
428
632
779
855
364
262
869
871
192
92
890
187
882
250
764
684
844
444
621
128
409
591
984
829
446
192
798
61
833
511
795
853
502
350
925
453
372
876
169
656
517
894
622
556
783
29
676
660
297
25
137
205
853
743
721
641
923
565
90
666
847
896
708
744
489
262
232
871
982
450
572
852
497
304
642
991
322
841
303
407
362
547
749
191
887
950
99
207
530
992
459
709
309
630
469
136
451
714
432
349
97
311
269
272
857
72
736
450
569
338
796
666
134
938
768
211
113
770
219
753
105
621
402
373
347
555
889
514
800
668
762
42
495
531
272
477
34
495
226
488
734
627
157
458
829
594
338
799
417
625
173
458
915
400
350
565
239
584
820
637
844
964
497
489
602
8
85
851
718
247
517
834
268
552
572
589
409
322
900
827
410
694
117
690
3
242
669
159
947
581
313
960
809
572
598
62
305
83
32
105
908
783
729
812
562
961
751
972
693
572
107
755
483
436
553
892
579
829
748
547
81
483
323
453
961
189
135
362
291
404
287
200
94
822
627
442
985
654
191
620
371
509
985
165
566
785
59
227
552
515
558
646
90
345
107
143
412
757
274
113
897
465
983
978
693
718
778
44
965
59
929
541
271
397
545
552
470
230
527
123
71
234
469
667
773
903
676
921
958
953
446
182
865
567
969
841
639
785
630
377
344
866
529
193
340
834
834
849
713
722
126
62
390
216
161
610
891
689
705
514
236
469
933
725
337
988
39
116
816
42
515
426
67
349
851
870
606
967
89
202
688
370
136
470
724
612
87
601
306
346
210
386
328
516
457
113
107
432
310
202
137
137
891
498
614
994
710
485
882
489
246
121
419
420
424
486
438
296
113
965
886
76
777
286
75
790
302
873
224
82
205
141
793
495
602
835
706
47
937
872
927
439
512
574
600
968
163
774
726
699
813
696
54
332
616
815
315
930
579
613
601
683
448
272
95
262
626
920
237
837
746
205
642
104
775
545
323
72
409
473
66
791
29
148
427
117
815
339
308
514
741
563
168
524
154
857
791
626
765
157
565
284
389
875
827
866
996
76
579
209
963
220
1000
293
349
51
5
32
245
364
805
825
860
838
85
692
640
212
720
269
637
447
413
449
25
769
286
19
687
418
464
42
645
799
547
898
11
273
44
841
555
311
937
358
74
137
189
302
260
423
111
247
77
704
689
623
123
42
386
749
39
78
469
538
377
158
692
208
657
823
866
852
242
60
937
802
314
766
870
258
185
785
298
613
924
782
238
460
243
90
20
104
884
31
752
575
305
468
738
117
949
807
378
354
516
729
684
260
533
309
677
93
69
86
344
950
276
116
151
343
623
951
320
77
397
517
619
25
404
701
782
990
157
938
599
536
191
214
87
264
965
723
494
192
475
488
506
617
720
307
651
474
776
521
597
515
552
146
806
596
564
151
494
58
520
331
613
250
929
615
204
741
731
374
616
434
883
509
477
992
459
826
171
604
150
162
278
868
49
90
630
679
323
95
707
198
229
87
175
415
483
679
390
241
518
92
400
301
511
343
326
199
682
112
151
241
110
720
967
532
660
280
538
58
990
718
734
803
89
615
630
511
439
519
230
429
707
250
231
772
701
509
951
674
271
683
513
369
70
787
231
638
801
934
708
964
33
932
829
78
652
528
688
806
914
79
816
655
984
457
769
133
367
857
335
194
904
676
992
213
299
526
75
353
486
187
793
29
237
861
722
752
373
661
176
683
928
179
790
960
729
578
930
805
187
403
114
3
269
621
953
332
662
720
40
706
406
967
400
80
641
800
947
392
283
994
485
34
144
952
205
147
614
69
233
67
351
890
961
379
76
781
560
654
183
271
640
319
717
922
211
861
70
807
997
438
373
18
31
784
466
56
548
166
171
726
344
944
677
712
614
646
993
28
292
362
76
303
425
934
213
946
808
564
352
396
440
242
4
532
700
780
319
733
601
487
881
837
206
909
252
244
185
757
2
638
833
771
902
67
192
501
526
564
381
941
339
925
878
320
638
1000
603
322
17
447
304
195
939
228
547
406
302
824
943
812
581
558
512
842
988
42
731
58
306
981
517
775
838
580
906
640
543
64
344
633
569
5
818
224
19
156
615
376
414
71
294
55
756
113
798
543
827
323
639
402
666
36
456
478
780
1
705
918
621
485
206
168
278
999
729
376
794
921
779
969
550
889
4
54
886
460
410
354
472
751
487
611
586
458
170
368
149
836
67
855
180
134
597
211
776
464
952
102
345
568
229
63
393
235
710
225
599
636
443
213
865
147
815
75
239
941
247
452
179
903
379
311
82
19
167
406
862
235
851
260
984
495
250
572
880
816
822
720
217
276
102
387
100
727
553
57
166
34
901
493
542
988
833
539
376
110
853
145
968
107
863
152
756
346
142
561
590
742
839
874
389
647
668
402
958
222
682
665
153
530
357
68
108
906
540
483
334
607
242
313
899
701
135
810
110
95
894
555
747
810
459
749
51
299
116
588
771
481
532
262
120
543
920
829
119
901
750
764
438
162
511
922
545
803
327
381
755
28
714
294
943
886
80
345
968
567
231
891
47
82
366
29
170
837
710
700
952
862
633
345
557
811
374
4
169
765
202
894
477
952
186
573
978
860
712
702
206
276
34
286
51
653
270
207
863
71
173
899
193
138
580
897
30
440
319
119
320
180
97
180
137
812
383
762
133
229
937
557
896
588
962
837
451
777
4
871
392
631
352
410
901
707
152
813
644
396
666
951
491
223
296
153
419
972
125
356
35
262
612
538
63
837
882
460
210
977
921
385
374
543
594
685
442
351
53
99
543
576
542
522
171
238
95
23
892
131
996
342
968
42
560
844
445
760
843
437
68
707
347
31
557
618
235
764
577
840
828
964
653
189
207
742
66
169
218
252
409
798
56
7
708
67
699
261
272
292
311
384
691
635
250
987
746
194
662
612
630
407
882
72
529
408
693
507
840
439
911
109
674
880
886
438
624
745
699
102
250
761
860
984
563
695
456
856
6
804
125
545
428
388
280
19
638
318
71
541
992
195
841
556
630
262
869
267
888
491
770
32
832
552
531
125
706
683
794
374
768
80
813
321
529
896
689
574
590
59
598
675
367
408
593
153
504
258
34
94
523
254
480
711
196
708
372
913
328
788
800
69
108
237
882
579
431
646
278
148
602
837
785
794
621
294
562
801
627
40
218
850
782
322
876
778
915
631
458
945
410
490
788
627
302
23
780
520
298
885
704
516
501
870
573
95
947
671
149
246
429
97
470
576
898
8
385
188
277
663
398
139
420
323
642
739
918
130
649
391
124
260
54
355
549
503
746
534
633
700
400
775
925
240
363
69
101
43
292
975
486
752
528
89
458
998
550
590
669
251
503
507
245
331
84
318
931
96
282
555
380
385
212
646
649
970
773
621
623
612
638
613
385
770
498
119
403
302
764
914
233
755
164
642
296
895
995
205
698
557
527
697
15
980
607
53
393
145
733
313
36
454
47
291
706
299
133
148
988
811
707
216
56
199
340
397
632
510
340
287
372
807
996
330
8
820
927
830
950
52
459
191
235
420
436
577
102
595
267
137
143
700
698
631
964
13
405
470
299
741
563
530
102
964
588
928
20
385
921
813
433
258
759
351
130
876
169
32
472
905
633
721
86
704
637
710
270
140
215
525
119
235
161
127
971
194
213
908
252
832
707
806
340
175
352
663
920
591
816
334
661
892
56
225
442
699
188
85
40
794
674
461
727
76
199
628
937
811
980
352
447
397
980
886
802
653
608
833
787
144
862
502
719
454
187
641
874
832
610
389
931
687
596
791
829
441
487
47
321
564
707
572
692
816
290
826
777
496
162
400
597
210
528
443
728
684
172
73
931
286
150
954
876
416
567
373
515
179
397
309
598
811
76
1000
399
601
845
71
47
374
30
295
83
387
23
368
332
137
108
679
83
84
31
941
194
219
642
113
29
709
46
796
699
982
610
364
640
213
763
709
993
10
173
241
804
431
510
558
261
172
57
372
618
921
871
771
524
39
289
668
663
138
101
776
128
480
743
897
741
151
972
649
648
271
318
203
774
547
83
556
749
26
432
669
994
968
369
489
695
795
266
790
457
401
905
326
746
401
270
320
984
774
87
429
697
438
470
463
4
713
298
198
309
391
810
431
972
199
904
400
337
155
29
739
441
286
862
958
336
527
81
909
854
649
419
453
383
205
5
48
849
875
5
902
35
792
204
772
246
212
760
467
733
949
997
265
485
464
36
353
846
431
427
734
886
454
352
136
94
306
807
922
342
763
876
226
491
845
722
697
194
762
730
627
119
269
458
627
606
141
580
765
922
612
480
917
781
475
181
940
469
885
876
358
458
361
144
205
893
37
461
324
592
40
800
375
666
173
549
822
474
295
456
561
764
582
990
463
868
460
781
364
828
816
156
746
600
535
164
387
392
259
674
224
292
734
356
360
940
156
246
858
787
654
153
980
693
572
131
712
911
456
118
130
929
794
397
939
390
624
142
45
734
472
458
635
622
838
886
496
206
578
419
800
802
310
468
465
786
550
577
63
608
756
818
769
734
34
523
580
652
889
268
844
978
453
474
216
170
30
478
56
85
749
11
638
806
367
996
14
288
591
344
163
4
407
809
652
851
713
481
717
209
25
377
244
621
448
643
887
876
631
724
73
84
664
87
474
651
686
214
799
184
267
200
26
149
651
29
952
904
816
711
744
151
568
311
219
766
345
183
9
19
537
652
246
535
672
30
169
700
55
367
850
93
176
567
875
400
293
917
535
743
660
202
563
211
858
944
529
323
940
274
863
49
36
817
605
660
884
386
191
719
462
302
236
977
253
82
508
379
576
363
687
405
921
909
634
399
488
337
341
892
626
491
336
428
330
857
261
135
448
378
971
583
456
891
853
913
920
167
303
197
859
796
451
39
380
128
872
32
816
415
753
463
86
565
364
297
824
572
336
745
4
547
440
997
292
52
92
422
633
241
865
14
825
402
999
948
651
34
13
270
903
354
444
688
628
458
630
687
31
528
344
275
793
313
523
791
89
292
515
169
66
959
168
385
642
432
674
780
14
125
5
146
83
687
895
514
720
4
694
894
999
868
251
700
819
227
960
49
719
403
141
827
407
509
945
312
885
507
759
377
662
1000
351
56
341
906
636
929
245
826
181
223
140
791
821
671
9
953
624
676
468
800
901
673
401
496
82
941
126
34
224
641
969
892
751
618
964
320
806
313
944
409
874
89
363
131
298
492
359
749
575
879
402
927
65
6
227
333
627
733
525
38
592
914
675
217
426
333
426
556
596
157
338
880
145
437
487
154
982
671
971
856
832
537
474
355
549
763
299
320
28
761
461
353
388
700
120
611
465
27
325
457
450
32
930
372
728
437
952
363
225
833
653
677
887
198
457
154
730
421
183
543
313
638
605
622
228
944
844
303
807
339
486
971
754
979
918
228
60
260
268
766
370
90
246
450
924
415
878
984
731
565
357
914
335
607
106
99
780
721
945
126
866
164
707
362
592
692
281
378
664
635
271
222
609
13
552
772
329
824
761
438
150
612
930
256
183
112
118
71
472
754
563
539
598
521
329
737
619
545
710
320
618
702
267
864
253
117
858
104
162
706
830
622
807
496
201
58
810
952
192
951
571
32
15
946
652
683
666
974
133
600
820
662
916
400
167
266
276
867
412
355
375
743
952
685
234
324
889
560
91
389
106
998
507
453
759
485
9
524
768
598
418
898
519
815
527
95
810
367
589
377
431
79
416
675
536
719
383
511
562
743
677
503
770
640
657
153
283
836
213
844
896
505
311
1000
344
842
464
955
844
772
677
108
864
157
554
675
821
335
67
755
294
334
686
373
552
392
38
545
397
277
554
140
26
751
130
145
306
386
651
153
585
718
290
129
89
60
795
587
701
452
11
510
160
867
263
419
371
291
433
823
531
767
779
438
917
189
768
504
351
758
801
935
418
159
952
396
490
725
469
188
716
835
714
2
202
852
90
429
649
655
758
685
437
723
360
188
551
881
719
756
280
348
927
738
774
40
471
788
579
212
333
884
845
698
899
166
545
655
734
251
816
398
782
56
442
570
47
667
981
469
837
27
969
831
28
488
372
812
167
364
808
889
444
792
927
970
900
146
360
41
169
847
4
497
202
659
2
962
369
203
427
773
129
220
609
689
188
466
698
839
821
559
692
633
787
657
890
175
108
249
417
156
935
714
607
110
23
816
914
972
627
635
655
843
137
474
911
699
914
97
700
809
359
367
914
833
959
121
529
958
637
996
995
838
262
469
948
208
238
487
456
285
935
783
634
977
803
595
793
96
515
871
77
752
462
91
534
999
745
344
417
532
111
176
437
112
270
580
898
403
956
321
216
692
529
380
812
647
81
555
176
959
455
191
260
665
69
361
923
994
951
20
359
887
313
475
919
847
578
658
439
216
128
677
523
42
31
770
782
95
786
116
441
222
917
447
219
469
64
457
873
123
339
273
30
208
273
943
683
175
409
222
380
632
34
798
112
249
292
550
485
730
222
780
107
119
65
531
574
752
310
776
740
385
300
64
823
930
930
331
227
406
639
508
740
196
838
848
348
276
115
175
336
419
36
68
904
504
631
387
210
167
167
489
762
966
179
305
733
607
249
324
78
407
697
199
956
595
311
952
752
400
861
601
307
559
77
40
450
748
690
203
973
450
940
143
477
46
530
176
644
569
185
152
86
305
312
614
815
413
758
68
988
848
490
492
819
120
671
455
771
535
533
342
28
550
418
832
248
357
443
281
40
150
102
48
845
926
889
928
970
796
151
897
955
219
497
841
403
28
889
924
984
881
897
434
476
762
340
315
564
31
216
203
280
326
946
758
945
925
838
686
795
706
601
575
357
654
149
574
277
785
170
310
77
623
279
28
979
200
747
34
872
541
648
722
935
661
82
259
74
375
855
988
981
969
370
777
186
270
698
921
50
2
820
672
298
822
738
838
763
148
598
536
977
965
563
771
622
741
536
673
587
540
369
203
703
970
727
61
230
836
467
158
615
94
169
561
99
812
253
385
436
793
205
718
750
206
262
768
376
601
728
111
661
77
578
848
235
392
916
116
135
465
190
338
315
447
324
995
87
298
552
131
432
749
1000
537
264
801
524
798
365
368
121
253
102
46
47
650
498
700
892
708
635
950
302
150
653
838
724
444
634
37
404
201
207
612
76
239
187
857
327
400
75
538
511
832
99
386
680
313
376
881
249
681
253
644
145
14
497
512
647
659
750
285
580
844
474
880
120
176
989
697
802
668
596
559
707
96
784
832
588
65
618
546
529
392
503
282
932
801
974
820
438
361
564
47
360
979
980
613
976
218
234
834
108
761
330
417
181
524
24
781
938
779
631
45
837
377
512
911
222
606
462
11
915
948
40
532
405
741
925
946
346
106
997
179
744
817
874
861
63
610
192
262
356
539
234
645
313
910
177
846
353
446
160
318
829
747
298
200
743
863
745
719
625
645
280
591
302
584
915
594
802
196
668
688
395
275
774
599
397
991
901
933
849
702
269
340
704
706
920
618
294
895
371
522
842
590
630
575
491
704
705
402
206
976
455
380
510
831
413
312
125
272
17
965
270
10
912
318
43
758
826
479
398
249
259
772
997
712
314
790
611
386
202
840
265
319
646
554
703
973
855
81
856
535
107
140
948
994
731
899
811
731
881
646
469
660
432
839
702
365
681
220
846
559
235
159
811
632
643
49
295
168
934
210
290
994
803
232
353
405
578
458
326
760
922
121
548
674
606
974
406
792
506
235
465
321
276
975
611
564
438
303
736
101
45
63
294
166
380
501
347
876
466
209
315
724
282
311
811
439
181
606
177
713
902
61
928
616
474
809
4
509
29
255
104
348
829
553
413
805
741
989
882
744
481
404
275
281
519
892
33
980
444
970
957
580
691
782
146
506
734
38
663
409
229
675
406
133
965
698
188
126
356
116
933
102
464
685
224
808
630
673
652
543
623
810
819
625
508
736
697
265
331
847
419
405
155
149
126
474
583
881
525
600
922
451
416
773
725
235
328
105
356
864
432
783
878
805
494
624
702
796
585
10
298
605
189
285
745
675
927
100
410
329
651
497
340
236
22
393
102
737
147
624
73
74
734
580
434
788
542
926
694
251
238
992
186
926
215
448
971
198
391
274
319
365
307
983
366
386
633
221
66
827
156
955
703
850
365
555
642
894
219
138
795
732
527
400
432
260
736
382
39
736
347
481
982
346
12
730
792
870
316
108
577
405
938
220
317
313
488
187
977
374
238
930
946
953
956
705
27
600
704
968
516
297
266
382
884
732
891
427
697
396
504
456
819
482
130
697
86
222
961
403
739
178
946
596
445
680
3
836
344
602
37
919
814
545
520
961
601
224
121
950
627
246
673
233
579
178
949
928
723
325
525
325
239
970
618
632
381
231
490
361
928
224
934
268
659
641
371
903
608
426
488
77
309
109
427
537
368
729
57
725
524
726
663
649
707
612
431
964
191
317
986
757
637
661
388
929
538
744
617
38
870
833
11
224
547
256
296
156
367
89
898
396
213
291
981
231
753
881
807
845
278
534
761
410
55
904
666
763
487
844
302
70
663
485
840
294
308
403
909
21
399
115
492
261
723
52
779
828
812
88
932
308
647
492
289
637
256
296
754
525
106
260
813
694
221
972
311
802
909
925
118
420
622
776
281
249
131
646
876
424
862
502
819
346
361
133
52
758
372
184
853
305
453
283
288
497
534
661
265
912
6
408
55
917
121
318
507
353
394
983
243
683
207
165
64
29
157
141
109
975
666
422
618
259
280
152
426
28
334
831
270
822
758
558
859
508
991
913
995
138
451
669
284
248
531
652
529
523
377
261
142
124
670
571
337
434
780
720
948
383
955
49
829
192
115
697
322
392
609
301
236
568
279
328
583
277
256
486
555
804
166
992
957
287
77
632
164
1
779
87
15
26
930
331
2
625
299
951
403
244
1000
346
536
568
526
930
717
940
251
186
902
528
635
105
506
595
795
278
760
772
132
377
760
856
663
846
335
615
633
396
987
394
860
729
539
136
754
215
936
605
849
845
225
355
522
191
198
668
423
828
931
947
78
773
480
235
672
771
611
577
858
430
719
22
473
907
890
256
564
101
565
840
7
236
671
702
719
914
646
361
418
867
113
815
423
706
532
403
57
655
361
659
199
353
102
238
334
834
607
186
901
630
281
322
580
684
939
439
270
412
210
767
575
360
254
465
873
570
579
111
445
18
870
400
732
604
353
838
163
532
34
556
637
243
19
594
422
339
459
335
34
850
816
467
48
839
728
536
712
2
763
582
322
332
336
674
721
837
892
567
716
641
466
340
794
751
846
930
21
846
113
646
214
519
540
664
5
442
786
206
686
888
694
34
778
5
569
865
167
801
572
526
797
360
449
853
724
93
699
190
429
428
127
559
78
473
255
458
413
151
131
320
901
798
913
668
343
678
374
269
584
954
811
517
725
429
574
30
408
633
856
801
671
615
314
693
165
123
920
545
685
918
416
597
564
484
215
371
770
273
198
89
769
405
405
420
530
761
803
310
113
812
603
74
756
496
452
418
351
155
521
656
495
314
698
809
145
180
610
893
653
818
726
666
29
533
459
696
353
770
797
561
161
80
379
89
345
764
828
37
214
675
517
949
827
639
412
869
956
502
228
626
562
153
786
125
467
775
272
116
653
165
284
741
915
98
347
507
917
446
130
399
235
583
918
459
943
131
402
826
124
247
628
113
742
322
92
639
32
781
296
849
377
343
690
477
305
90
934
578
569
536
85
545
84
391
950
110
761
970
715
988
535
839
190
163
610
230
983
200
442
996
316
487
26
931
724
999
526
54
977
281
82
424
67
516
867
304
383
374
674
134
319
221
713
735
18
350
945
142
899
733
285
990
852
896
522
289
230
859
338
986
497
481
417
973
539
74
897
653
233
709
614
531
236
751
151
255
968
882
130
726
38
744
632
646
118
238
43
299
873
754
473
747
533
169
694
178
351
143
179
554
44
608
103
82
618
107
993
99
981
802
364
395
10
14
209
419
683
29
882
257
972
925
277
145
599
826
870
229
785
481
528
728
813
46
296
166
681
924
143
45
167
941
281
790
244
749
840
449
523
432
538
318
807
487
994
795
441
364
711
601
837
834
213
287
739
216
289
697
785
760
36
112
705
535
334
259
115
161
944
869
287
188
565
652
683
292
833
929
574
690
432
529
796
184
125
99
667
215
201
237
79
202
162
512
459
878
836
96
232
139
818
976
584
76
52
110
645
923
993
756
900
516
685
672
531
760
280
92
866
407
126
887
1000
654
283
612
789
248
258
223
455
361
217
123
274
227
974
764
986
538
162
631
539
867
844
529
895
572
902
298
736
247
413
2
81
11
244
630
948
773
138
558
123
547
404
891
582
977
41
290
461
743
913
712
883
804
164
621
190
499
19
984
547
174
339
939
93
256
176
123
911
95
293
574
547
725
629
900
653
732
738
357
102
193
992
568
85
393
251
770
139
626
269
917
600
900
800
332
660
281
781
686
313
585
655
707
316
317
482
152
589
594
2
368
104
397
35
189
498
565
352
606
244
594
315
732
99
384
111
422
547
189
458
626
323
491
132
780
787
262
967
990
847
799
677
838
280
239
4
420
984
527
559
328
756
334
242
176
878
281
535
389
216
685
803
76
859
191
895
499
897
800
814
340
146
40
605
216
543
129
490
252
766
143
410
725
855
749
307
152
489
687
930
899
356
191
596
12
862
857
178
503
828
33
985
531
667
705
697
8
225
667
223
154
975
444
507
354
35
623
438
568
958
874
968
333
150
56
223
181
951
877
734
779
551
22
965
587
51
852
498
186
497
954
996
373
971
64
888
472
555
718
413
986
49
210
493
843
656
3
485
517
851
339
272
472
748
675
627
308
654
23
830
377
8
380
849
935
250
637
484
586
557
644
50
513
127
339
153
755
34
363
130
759
669
959
755
456
489
48
161
572
311
144
451
576
880
586
812
947
553
13
818
750
1000
570
513
559
755
596
695
204
42
39
217
488
379
640
323
22
929
324
233
281
806
496
989
471
457
793
664
885
979
507
641
43
967
282
779
105
268
95
477
992
284
814
827
981
640
793
563
532
340
60
326
356
14
310
919
651
74
613
52
374
116
647
603
33
435
732
118
266
240
385
451
937
780
187
429
397
636
66
232
871
604
644
44
366
710
230
906
383
469
537
748
501
285
857
90
260
60
314
621
660
716
794
519
1
379
618
250
618
93
226
660
442
767
629
803
706
732
717
85
529
500
168
577
279
955
146
797
902
205
159
666
601
829
600
511
911
389
508
866
892
899
65
761
894
96
350
588
670
138
738
554
964
788
106
164
160
856
919
997
983
932
726
183
245
272
458
879
117
337
793
950
29
128
969
312
915
293
670
621
584
196
288
93
410
686
607
899
406
500
410
357
348
113
139
74
383
270
260
127
637
934
664
582
745
615
264
155
332
988
818
879
933
987
534
71
483
5
984
564
454
681
541
591
373
159
957
980
116
355
409
578
26
632
414
604
931
143
843
986
553
598
900
855
709
368
46
48
61
540
139
527
434
325
259
553
393
806
809
796
919
881
968
426
667
458
20
66
53
361
976
860
513
557
307
559
266
816
826
388
477
739
423
85
452
761
690
870
258
243
866
717
280
58
913
962
536
859
567
723
475
201
24
524
76
509
901
627
118
36
554
584
101
874
225
885
937
39
235
471
60
466
903
115
869
878
418
682
467
816
525
252
585
611
43
969
668
116
34
234
639
68
343
420
361
291
637
533
333
648
409
567
215
268
914
575
472
953
267
192
864
608
354
729
628
215
305
327
586
633
349
973
768
985
711
518
386
838
165
178
18
94
866
863
722
487
988
475
972
542
219
940
866
866
290
723
113
24
24
40
14
812
70
147
60
269
822
570
602
464
538
474
306
316
356
537
486
644
224
201
198
494
340
250
792
92
706
82
335
927
255
519
908
480
174
844
181
596
562
164
910
671
200
481
281
515
788
380
587
657
622
963
340
207
208
526
725
791
44
201
323
699
406
787
464
28
783
216
81
245
360
254
50
909
657
488
601
385
432
87
161
590
298
335
459
163
206
684
772
778
388
651
697
210
424
528
201
148
952
920
726
154
938
61
432
204
467
622
711
749
342
767
79
147
766
988
231
375
772
582
957
782
256
115
267
19
65
992
332
848
829
204
587
982
122
373
193
193
638
155
975
647
576
119
682
39
526
905
130
204
748
292
34
701
261
491
231
562
444
350
956
872
855
700
89
88
763
341
445
170
457
121
288
458
439
218
659
737
704
226
476
296
451
922
841
303
969
652
134
863
863
22
530
527
148
697
637
573
691
743
264
77
242
242
961
901
96
666
115
325
22
241
197
995
410
350
338
889
603
602
479
147
459
310
434
478
550
203
678
958
771
527
880
474
99
360
975
310
538
182
10
164
653
71
83
315
663
791
534
581
162
781
385
202
495
944
673
593
454
684
978
55
263
433
346
731
411
807
300
523
305
257
514
611
557
791
675
391
309
142
120
288
874
523
744
647
770
669
53
813
737
657
71
208
70
37
226
317
492
19
370
639
696
536
151
219
872
439
190
697
296
390
600
334
696
617
952
793
131
113
40
820
984
1
341
102
445
141
459
542
694
710
408
961
702
823
231
179
601
742
293
711
175
234
680
525
897
87
696
916
816
327
64
357
295
334
571
922
373
605
745
358
921
250
722
81
157
154
366
847
193
43
113
835
346
926
296
213
54
412
349
444
621
857
355
597
663
466
883
620
216
654
873
681
373
101
876
932
175
217
461
634
713
35
920
284
134
928
38
463
969
297
317
554
977
635
991
965
94
314
770
314
936
195
327
182
961
93
314
835
725
447
444
896
732
341
312
286
343
58
995
451
565
586
264
850
969
700
9
247
576
965
891
811
353
198
504
377
335
637
995
883
917
989
494
681
509
623
400
293
716
781
912
274
94
762
353
987
418
435
304
587
614
867
541
53
551
85
178
351
687
735
295
228
243
193
278
319
420
809
337
823
376
242
211
449
822
647
376
466
359
21
438
603
75
910
186
334
914
624
501
634
749
657
356
459
819
863
611
216
163
209
739
826
854
887
412
84
173
368
11
69
243
99
882
758
850
935
737
600
324
332
567
97
759
756
978
620
559
934
596
614
12
214
177
415
137
893
829
262
316
85
333
714
479
265
494
561
666
448
69
709
8
231
473
512
340
365
341
814
890
205
402
271
976
84
701
305
970
263
500
546
39
841
713
766
491
791
319
126
561
263
925
557
309
508
739
220
518
619
50
307
398
405
235
409
719
458
395
17
42
172
838
214
312
982
990
417
440
183
434
86
927
297
54
846
532
463
266
577
992
274
364
198
783
195
317
219
702
990
640
389
879
471
176
752
738
361
927
814
744
357
810
840
488
533
567
949
138
660
732
434
870
764
518
990
77
763
262
256
507
941
761
276
307
178
339
475
621
289
192
965
614
402
29
279
727
420
459
492
85
489
588
100
950
24
949
209
377
359
727
498
447
88
995
147
772
351
897
378
257
242
466
772
156
804
621
458
885
558
606
762
332
571
449
687
400
704
906
215
544
851
573
475
973
269
453
86
405
158
520
336
441
68
908
3
297
551
330
447
773
126
79
19
533
434
229
524
940
355
487
68
459
270
209
85
861
575
763
684
778
119
330
762
335
57
548
835
701
784
734
591
455
616
166
307
360
408
622
560
541
611
312
970
219
313
912
920
94
568
364
239
208
592
371
853
459
814
776
606
112
498
105
500
966
951
961
268
689
991
934
35
163
40
649
394
153
411
256
887
946
245
117
180
863
339
447
36
674
865
418
419
580
141
712
113
627
461
228
733
955
149
588
759
757
881
222
306
806
646
775
981
534
386
506
785
156
354
399
74
130
575
717
926
460
847
573
162
475
383
513
217
634
186
88
130
962
277
794
948
353
445
607
741
407
690
307
48
562
347
433
601
926
371
612
859
616
99
933
121
233
972
869
269
556
711
478
582
1000
408
646
795
856
871
143
10
976
517
327
476
136
848
751
332
359
149
980
65
602
296
943
202
544
86
285
603
136
999
619
93
237
165
509
428
322
783
346
510
542
655
561
321
134
828
288
44
712
336
508
746
154
995
883
126
10
915
19
965
853
793
138
547
486
368
956
428
852
458
27
599
158
404
121
803
662
429
346
506
990
889
640
869
211
588
483
6
5
1000
250
211
270
183
546
347
999
771
746
618
93
527
717
472
103
250
904
919
937
959
592
816
565
974
532
449
484
485
221
913
443
844
421
292
640
365
74
788
89
510
299
184
474
390
664
24
37
47
897
501
